   3.8452710e-05   1.2257877e-05   2.4227637e-06   5.4368418e-06   7.3561491e-06   1.2257877e-05   3.5755777e-05   1.6962860e-05   1.2284758e-05   2.6701543e-05   2.4227637e-06   1.6962860e-05   2.9503824e-04   2.1373226e-05   1.3004620e-05   5.4368418e-06   1.2284758e-05   2.1373226e-05   7.0590807e-05   1.6838376e-05   7.3561491e-06   2.6701543e-05   1.3004620e-05   1.6838376e-05   4.5796620e-05
   4.0937873e-05   1.4652218e-05   1.5061506e-06   6.1929504e-06   9.5715625e-06   1.4652218e-05   3.6054681e-05   2.1395154e-05   1.2542041e-05   2.6925340e-05   1.5061506e-06   2.1395154e-05   2.6341786e-04   1.6825043e-05   2.1218246e-05   6.1929504e-06   1.2542041e-05   1.6825043e-05   6.6951690e-05   1.7408082e-05   9.5715625e-06   2.6925340e-05   2.1218246e-05   1.7408082e-05   4.4683727e-05
   4.0633925e-05   1.5673332e-05   8.8213545e-07   6.4107618e-06   8.6014658e-06   1.5673332e-05   4.1704903e-05   2.4169291e-05   1.4034053e-05   2.5136155e-05   8.8213545e-07   2.4169291e-05   2.6083483e-04   2.0632465e-05   2.5063891e-05   6.4107618e-06   1.4034053e-05   2.0632465e-05   6.8584924e-05   2.1941571e-05   8.6014658e-06   2.5136155e-05   2.5063891e-05   2.1941571e-05   4.6697202e-05
   4.2478914e-05   2.3360935e-05   7.5149281e-06   7.0344938e-06   1.3241265e-05   2.3360935e-05   7.0540782e-05   4.7543168e-05   2.0387711e-05   4.2323724e-05   7.5149281e-06   4.7543168e-05   2.9778181e-04   2.9638788e-05   4.7931897e-05   7.0344938e-06   2.0387711e-05   2.9638788e-05   7.7528140e-05   3.5558416e-05   1.3241265e-05   4.2323724e-05   4.7931897e-05   3.5558416e-05   6.8292289e-05
   4.1156325e-05   2.5728316e-05   1.3719769e-05   1.0774408e-05   1.4613396e-05   2.5728316e-05   8.1016931e-05   5.1654573e-05   2.4117794e-05   3.7900182e-05   1.3719769e-05   5.1654573e-05   3.0312012e-04   2.9964381e-05   4.4588459e-05   1.0774408e-05   2.4117794e-05   2.9964381e-05   7.7986621e-05   3.7755790e-05   1.4613396e-05   3.7900182e-05   4.4588459e-05   3.7755790e-05   7.4764137e-05
   4.4503697e-05   3.0542159e-05   2.8172822e-05   1.2668713e-05   2.4417489e-05   3.0542159e-05   1.2115009e-04   7.2351161e-05   3.2705711e-05   4.6457872e-05   2.8172822e-05   7.2351161e-05   3.1162809e-04   4.1830691e-05   7.6809062e-05   1.2668713e-05   3.2705711e-05   4.1830691e-05   8.7675122e-05   5.6879740e-05   2.4417489e-05   4.6457872e-05   7.6809062e-05   5.6879740e-05   1.0179573e-04
   4.3861662e-05   3.0677833e-05   2.9512861e-05   1.3376951e-05   2.4565495e-05   3.0677833e-05   1.2166547e-04   7.0045788e-05   3.1588246e-05   4.3143584e-05   2.9512861e-05   7.0045788e-05   3.1391809e-04   5.3823755e-05   7.4509068e-05   1.3376951e-05   3.1588246e-05   5.3823755e-05   9.0865548e-05   5.7667968e-05   2.4565495e-05   4.3143584e-05   7.4509068e-05   5.7667968e-05   1.0464910e-04
   3.6535602e-05   2.7312105e-05   3.3480193e-05   1.2115436e-05   2.2280972e-05   2.7312105e-05   1.2067083e-04   7.7878095e-05   3.0501835e-05   4.0340574e-05   3.3480193e-05   7.7878095e-05   3.3873116e-04   5.6551084e-05   7.3259636e-05   1.2115436e-05   3.0501835e-05   5.6551084e-05   9.1032533e-05   5.5866453e-05   2.2280972e-05   4.0340574e-05   7.3259636e-05   5.5866453e-05   1.0419835e-04
   3.4183927e-05   2.9331746e-05   3.8261989e-05   1.3104610e-05   2.2099969e-05   2.9331746e-05   1.3641123e-04   8.3626701e-05   2.7785703e-05   3.3930974e-05   3.8261989e-05   8.3626701e-05   3.6494572e-04   5.4069151e-05   6.6556785e-05   1.3104610e-05   2.7785703e-05   5.4069151e-05   9.6121067e-05   5.9393847e-05   2.2099969e-05   3.3930974e-05   6.6556785e-05   5.9393847e-05   1.1286024e-04
   3.2055389e-05   2.9169047e-05   3.7043440e-05   1.3906357e-05   2.3433612e-05   2.9169047e-05   1.4571320e-04   1.1804656e-04   2.9511451e-05   3.2677100e-05   3.7043440e-05   1.1804656e-04   5.5937975e-04   8.5339667e-05   6.3133861e-05   1.3906357e-05   2.9511451e-05   8.5339667e-05   1.2160892e-04   7.0167644e-05   2.3433612e-05   3.2677100e-05   6.3133861e-05   7.0167644e-05   1.2412006e-04
   3.6788647e-05   3.1784095e-05   4.4091655e-05   1.3376704e-05   2.6024530e-05   3.1784095e-05   1.5470904e-04   1.1560418e-04   2.9656314e-05   3.1929072e-05   4.4091655e-05   1.1560418e-04   5.9059077e-04   8.5674015e-05   7.3789741e-05   1.3376704e-05   2.9656314e-05   8.5674015e-05   1.1354903e-04   7.1012145e-05   2.6024530e-05   3.1929072e-05   7.3789741e-05   7.1012145e-05   1.3510287e-04
   3.6352527e-05   3.2490694e-05   4.9003034e-05   1.3608528e-05   2.7679506e-05   3.2490694e-05   1.6388703e-04   1.2086412e-04   3.1695462e-05   3.4667923e-05   4.9003034e-05   1.2086412e-04   6.0710877e-04   8.3170834e-05   7.9520693e-05   1.3608528e-05   3.1695462e-05   8.3170834e-05   1.1503702e-04   7.2692829e-05   2.7679506e-05   3.4667923e-05   7.9520693e-05   7.2692829e-05   1.3973801e-04
   3.5014264e-05   3.1572024e-05   4.7916731e-05   1.3012577e-05   2.9476031e-05   3.1572024e-05   1.6768432e-04   1.1268161e-04   3.4001463e-05   3.1082032e-05   4.7916731e-05   1.1268161e-04   6.2475858e-04   7.6445175e-05   8.1217060e-05   1.3012577e-05   3.4001463e-05   7.6445175e-05   1.1621915e-04   6.8901770e-05   2.9476031e-05   3.1082032e-05   8.1217060e-05   6.8901770e-05   1.4098930e-04
   3.5443555e-05   3.1855156e-05   6.0004687e-05   1.4397701e-05   3.2126042e-05   3.1855156e-05   1.8293297e-04   1.1155817e-04   3.8517750e-05   3.4066098e-05   6.0004687e-05   1.1155817e-04   6.4202060e-04   8.2722494e-05   8.6969266e-05   1.4397701e-05   3.8517750e-05   8.2722494e-05   1.1639292e-04   7.1530140e-05   3.2126042e-05   3.4066098e-05   8.6969266e-05   7.1530140e-05   1.4805175e-04
   3.4790845e-05   3.0220560e-05   5.8513612e-05   1.4456017e-05   3.1817206e-05   3.0220560e-05   1.8243749e-04   1.1019354e-04   4.0200700e-05   3.3248905e-05   5.8513612e-05   1.1019354e-04   6.5876978e-04   8.1041920e-05   8.1221115e-05   1.4456017e-05   4.0200700e-05   8.1041920e-05   1.2291212e-04   6.9540989e-05   3.1817206e-05   3.3248905e-05   8.1221115e-05   6.9540989e-05   1.4786840e-04
   3.4234622e-05   3.1351138e-05   6.2475896e-05   1.2381713e-05   3.3909675e-05   3.1351138e-05   1.8768323e-04   1.1929380e-04   3.9962045e-05   3.4547038e-05   6.2475896e-05   1.1929380e-04   6.9924652e-04   7.8301749e-05   7.8352066e-05   1.2381713e-05   3.9962045e-05   7.8301749e-05   1.2198232e-04   6.4738208e-05   3.3909675e-05   3.4547038e-05   7.8352066e-05   6.4738208e-05   1.5128757e-04
   3.3350834e-05   2.8815313e-05   6.1547401e-05   1.1996031e-05   3.5834831e-05   2.8815313e-05   1.8374645e-04   1.1960482e-04   4.1280868e-05   3.2773550e-05   6.1547401e-05   1.1960482e-04   7.1083256e-04   7.8757132e-05   6.8527177e-05   1.1996031e-05   4.1280868e-05   7.8757132e-05   1.1923114e-04   6.0360044e-05   3.5834831e-05   3.2773550e-05   6.8527177e-05   6.0360044e-05   1.5116317e-04
   3.1309780e-05   2.1631370e-05   5.2914928e-05   1.0764250e-05   3.1216892e-05   2.1631370e-05   1.5919157e-04   9.3448519e-05   3.5916968e-05   1.7428440e-05   5.2914928e-05   9.3448519e-05   6.8468624e-04   6.6214014e-05   4.9804689e-05   1.0764250e-05   3.5916968e-05   6.6214014e-05   1.0924664e-04   4.6264879e-05   3.1216892e-05   1.7428440e-05   4.9804689e-05   4.6264879e-05   1.3046247e-04
   3.2515456e-05   2.1394438e-05   5.6218240e-05   1.2706482e-05   3.1408477e-05   2.1394438e-05   1.5839733e-04   9.3104050e-05   3.4974624e-05   1.9905521e-05   5.6218240e-05   9.3104050e-05   6.5418737e-04   7.0583914e-05   4.0143762e-05   1.2706482e-05   3.4974624e-05   7.0583914e-05   1.1152715e-04   4.4233405e-05   3.1408477e-05   1.9905521e-05   4.0143762e-05   4.4233405e-05   1.2462379e-04
   2.8945403e-05   1.6172094e-05   4.1112103e-05   7.2560076e-06   2.3744828e-05   1.6172094e-05   1.3956008e-04   6.8998001e-05   2.8004936e-05   2.0814862e-05   4.1112103e-05   6.8998001e-05   5.8267146e-04   4.6889420e-05   4.1843652e-06   7.2560076e-06   2.8004936e-05   4.6889420e-05   1.0440549e-04   3.6453108e-05   2.3744828e-05   2.0814862e-05   4.1843652e-06   3.6453108e-05   1.1982874e-04
   2.9816437e-05   1.8009185e-05   3.6971147e-05   7.1533366e-06   2.4685471e-05   1.8009185e-05   1.3111522e-04   6.8262709e-05   3.0189343e-05   2.3511784e-05   3.6971147e-05   6.8262709e-05   5.4273093e-04   4.4774835e-05   7.1183102e-06   7.1533366e-06   3.0189343e-05   4.4774835e-05   1.0174789e-04   3.6254505e-05   2.4685471e-05   2.3511784e-05   7.1183102e-06   3.6254505e-05   1.2052607e-04
   3.5002188e-05   2.4577069e-05   4.5986367e-05   1.1240802e-05   2.8735758e-05   2.4577069e-05   1.4155803e-04   7.5254396e-05   3.5763792e-05   2.9861509e-05   4.5986367e-05   7.5254396e-05   5.3034783e-04   5.5451106e-05   1.2639726e-05   1.1240802e-05   3.5763792e-05   5.5451106e-05   1.0794499e-04   3.7372294e-05   2.8735758e-05   2.9861509e-05   1.2639726e-05   3.7372294e-05   1.2552831e-04
   3.6354243e-05   1.9160995e-05   4.0096299e-05   9.3898364e-06   2.7060233e-05   1.9160995e-05   1.3136085e-04   6.9755721e-05   3.5522999e-05   2.4836069e-05   4.0096299e-05   6.9755721e-05   4.9735401e-04   5.3646640e-05   6.6945309e-06   9.3898364e-06   3.5522999e-05   5.3646640e-05   9.9728500e-05   3.1356983e-05   2.7060233e-05   2.4836069e-05   6.6945309e-06   3.1356983e-05   1.2437764e-04
   3.8603751e-05   1.5800998e-05   3.3824913e-05   9.8910608e-06   2.7130783e-05   1.5800998e-05   1.1282648e-04   2.5599945e-05   3.1002767e-05   2.1248041e-05   3.3824913e-05   2.5599945e-05   3.0628241e-04   3.6097714e-05   1.2172172e-05   9.8910608e-06   3.1002767e-05   3.6097714e-05   8.2566656e-05   2.8467985e-05   2.7130783e-05   2.1248041e-05   1.2172172e-05   2.8467985e-05   1.1679747e-04
   3.4628958e-05   8.7881542e-06   3.0423392e-05   6.5868510e-06   2.4365889e-05   8.7881542e-06   9.7632971e-05   2.2159220e-05   3.1566843e-05   1.6723135e-05   3.0423392e-05   2.2159220e-05   2.6692113e-04   2.4094875e-05  -4.1772928e-06   6.5868510e-06   3.1566843e-05   2.4094875e-05   7.0267834e-05   1.4027953e-05   2.4365889e-05   1.6723135e-05  -4.1772928e-06   1.4027953e-05   1.0645847e-04
   3.1717513e-05   9.6797381e-06   2.4788321e-05   5.8015918e-06   2.1310987e-05   9.6797381e-06   1.0012618e-04   2.6442031e-05   2.9087132e-05   1.4395538e-05   2.4788321e-05   2.6442031e-05   2.5579749e-04   2.4122487e-05  -1.0773282e-05   5.8015918e-06   2.9087132e-05   2.4122487e-05   7.2023800e-05   1.1739688e-05   2.1310987e-05   1.4395538e-05  -1.0773282e-05   1.1739688e-05   9.9087637e-05
   3.2493872e-05   1.0660497e-05   2.4405478e-05   4.7602926e-06   2.1754806e-05   1.0660497e-05   9.6041385e-05   2.4683729e-05   2.4282910e-05   1.3856457e-05   2.4405478e-05   2.4683729e-05   2.4403544e-04   2.7782625e-05  -7.4487647e-06   4.7602926e-06   2.4282910e-05   2.7782625e-05   7.1071150e-05   9.8992103e-06   2.1754806e-05   1.3856457e-05  -7.4487647e-06   9.8992103e-06   9.8620710e-05
   3.0193282e-05   1.2984673e-05   1.4398523e-05   6.1574549e-06   2.0171179e-05   1.2984673e-05   9.0628890e-05   3.4284120e-05   2.3386679e-05   1.0422799e-05   1.4398523e-05   3.4284120e-05   2.1012548e-04   2.6660496e-05  -1.9835725e-05   6.1574549e-06   2.3386679e-05   2.6660496e-05   7.1330782e-05   9.2763343e-06   2.0171179e-05   1.0422799e-05  -1.9835725e-05   9.2763343e-06   9.3846973e-05
   3.0947745e-05   1.2425994e-05   1.3185606e-05   7.8330079e-06   2.3196275e-05   1.2425994e-05   8.9521496e-05   2.8906012e-05   2.7177092e-05   1.2898623e-05   1.3185606e-05   2.8906012e-05   1.9355429e-04   3.1193550e-05  -1.8789983e-05   7.8330079e-06   2.7177092e-05   3.1193550e-05   6.9131329e-05   1.0916666e-05   2.3196275e-05   1.2898623e-05  -1.8789983e-05   1.0916666e-05   9.5248994e-05
   2.9761327e-05   1.2590883e-05   9.7359524e-06   8.4834859e-06   2.2315897e-05   1.2590883e-05   9.6447977e-05   2.6051532e-05   2.8573877e-05   1.6144380e-05   9.7359524e-06   2.6051532e-05   1.5456410e-04   2.9235526e-05  -1.8752272e-05   8.4834859e-06   2.8573877e-05   2.9235526e-05   6.9976689e-05   1.2864439e-05   2.2315897e-05   1.6144380e-05  -1.8752272e-05   1.2864439e-05   9.4491994e-05
   3.0368311e-05   1.2007394e-05   1.0369839e-05   9.5874228e-06   2.3324962e-05   1.2007394e-05   9.3382672e-05   2.3916609e-05   2.6929777e-05   1.6518392e-05   1.0369839e-05   2.3916609e-05   1.4529739e-04   2.7238412e-05  -1.4654326e-05   9.5874228e-06   2.6929777e-05   2.7238412e-05   7.0775935e-05   1.5654816e-05   2.3324962e-05   1.6518392e-05  -1.4654326e-05   1.5654816e-05   9.5502171e-05
   3.1337943e-05   1.0892699e-05   1.2056360e-05   9.4212815e-06   2.6372219e-05   1.0892699e-05   1.0049269e-04   2.6463977e-05   2.7461395e-05   1.5691093e-05   1.2056360e-05   2.6463977e-05   1.3609213e-04   2.7394788e-05  -1.3013896e-05   9.4212815e-06   2.7461395e-05   2.7394788e-05   7.3752385e-05   1.9186001e-05   2.6372219e-05   1.5691093e-05  -1.3013896e-05   1.9186001e-05   1.0079557e-04
   3.0727584e-05   1.0548003e-05   1.1141170e-05   8.2838580e-06   2.6001069e-05   1.0548003e-05   9.7970879e-05   2.3326252e-05   2.7454208e-05   1.4499617e-05   1.1141170e-05   2.3326252e-05   1.2752654e-04   2.2756432e-05  -1.3221387e-05   8.2838580e-06   2.7454208e-05   2.2756432e-05   7.2290716e-05   1.7473018e-05   2.6001069e-05   1.4499617e-05  -1.3221387e-05   1.7473018e-05   9.8561062e-05
   2.8997312e-05   1.0356665e-05   3.1014676e-06   5.9738133e-06   2.6645931e-05   1.0356665e-05   8.9804399e-05   2.1938335e-05   2.3525964e-05   1.5637590e-05   3.1014676e-06   2.1938335e-05   1.0220777e-04   1.6059748e-05  -7.8704935e-06   5.9738133e-06   2.3525964e-05   1.6059748e-05   6.8094968e-05   1.9236821e-05   2.6645931e-05   1.5637590e-05  -7.8704935e-06   1.9236821e-05   9.7464862e-05
   2.8932213e-05   1.1779657e-05   2.4195192e-06   5.4591279e-06   2.6577384e-05   1.1779657e-05   7.9117576e-05   1.5359398e-05   2.0869428e-05   3.6452746e-06   2.4195192e-06   1.5359398e-05   1.1931801e-04   1.3938010e-05  -1.6137363e-05   5.4591279e-06   2.0869428e-05   1.3938010e-05   6.5123664e-05   9.2861959e-06   2.6577384e-05   3.6452746e-06  -1.6137363e-05   9.2861959e-06   7.7592790e-05
   2.4086105e-05   5.9067793e-06  -2.4928369e-06   3.0079634e-06   2.4978427e-05   5.9067793e-06   7.8950084e-05   1.2564382e-05   1.9668787e-05   1.5592399e-06  -2.4928369e-06   1.2564382e-05   1.3236235e-04   1.2803345e-05  -1.6479504e-05   3.0079634e-06   1.9668787e-05   1.2803345e-05   6.6926020e-05   3.2349605e-06   2.4978427e-05   1.5592399e-06  -1.6479504e-05   3.2349605e-06   7.5612700e-05
   2.1329673e-05   5.3752156e-06  -5.7450489e-06   3.0664755e-06   2.6402562e-05   5.3752156e-06   7.3848803e-05   5.7919000e-06   1.6729248e-05   1.5230468e-06  -5.7450489e-06   5.7919000e-06   1.1954500e-04   2.7758314e-06  -1.5692912e-05   3.0664755e-06   1.6729248e-05   2.7758314e-06   6.1943448e-05   1.4252736e-06   2.6402562e-05   1.5230468e-06  -1.5692912e-05   1.4252736e-06   6.9667167e-05
   1.8794756e-05   6.3968354e-06  -2.7078118e-06   3.2911719e-06   2.4207799e-05   6.3968354e-06   7.2847776e-05   5.2248315e-06   1.6291197e-05   4.0912596e-06  -2.7078118e-06   5.2248315e-06   1.2085246e-04   3.2561798e-06  -1.2062448e-05   3.2911719e-06   1.6291197e-05   3.2561798e-06   6.2848867e-05   1.0613311e-06   2.4207799e-05   4.0912596e-06  -1.2062448e-05   1.0613311e-06   6.7098176e-05
   1.5514776e-05   4.6255008e-06  -3.2401682e-06   2.4785844e-06   2.2698718e-05   4.6255008e-06   6.6301409e-05   3.8697354e-06   1.0921517e-05   5.5532407e-06  -3.2401682e-06   3.8697354e-06   1.2243931e-04  -7.3913794e-07  -9.8495275e-06   2.4785844e-06   1.0921517e-05  -7.3913794e-07   5.6600465e-05   1.7650423e-06   2.2698718e-05   5.5532407e-06  -9.8495275e-06   1.7650423e-06   6.3156820e-05
   1.5358231e-05   3.8700546e-06  -3.1142386e-06   3.1217168e-06   2.3038203e-05   3.8700546e-06   6.1541440e-05  -2.3300538e-06   1.2431746e-05   4.6390888e-06  -3.1142386e-06  -2.3300538e-06   1.6251441e-04   8.7393775e-07  -9.7260705e-06   3.1217168e-06   1.2431746e-05   8.7393775e-07   5.2397572e-05   1.2809895e-06   2.3038203e-05   4.6390888e-06  -9.7260705e-06   1.2809895e-06   6.3527395e-05
   1.6705089e-05   2.1060402e-06   3.4717806e-07   3.3908757e-06   2.4843459e-05   2.1060402e-06   5.7161929e-05  -3.7428627e-06   1.4872395e-05   3.0878643e-06   3.4717806e-07  -3.7428627e-06   1.7251575e-04  -3.8853497e-07  -9.5546509e-06   3.3908757e-06   1.4872395e-05  -3.8853497e-07   5.8693280e-05   2.3071230e-07   2.4843459e-05   3.0878643e-06  -9.5546509e-06   2.3071230e-07   6.5327871e-05
   1.6769867e-05   9.9923385e-07   2.1930273e-06   3.2573962e-06   2.6263678e-05   9.9923385e-07   7.0709967e-05  -7.7856343e-06   1.3198339e-05  -3.1718065e-07   2.1930273e-06  -7.7856343e-06   1.7834233e-04   4.0440136e-06  -2.6562775e-06   3.2573962e-06   1.3198339e-05   4.0440136e-06   5.8832445e-05   2.6603393e-06   2.6263678e-05  -3.1718065e-07  -2.6562775e-06   2.6603393e-06   7.1763475e-05
   1.7170953e-05   6.9778382e-07   3.0647217e-06   3.6072364e-06   2.5447441e-05   6.9778382e-07   6.7735209e-05  -8.8238487e-06   1.2498247e-05  -1.2128099e-06   3.0647217e-06  -8.8238487e-06   1.8435724e-04   2.9043960e-06   1.2175405e-06   3.6072364e-06   1.2498247e-05   2.9043960e-06   5.8304247e-05   2.3984779e-06   2.5447441e-05  -1.2128099e-06   1.2175405e-06   2.3984779e-06   6.7201975e-05
   1.6510046e-05   4.8404461e-08   2.7650394e-06   2.6806417e-06   2.4374867e-05   4.8404461e-08   6.6892814e-05  -5.8920518e-06   1.1989980e-05  -3.8544832e-06   2.7650394e-06  -5.8920518e-06   1.8646160e-04   3.1176474e-06   3.6354578e-06   2.6806417e-06   1.1989980e-05   3.1176474e-06   5.7817665e-05  -1.1572869e-06   2.4374867e-05  -3.8544832e-06   3.6354578e-06  -1.1572869e-06   6.4555995e-05
   1.5515326e-05  -3.1325386e-08   2.6795190e-06   2.1036112e-06   2.2524721e-05  -3.1325386e-08   6.5409407e-05  -4.3249401e-06   1.1625764e-05  -3.2021614e-06   2.6795190e-06  -4.3249401e-06   1.9268791e-04   1.3712968e-06   4.5591838e-06   2.1036112e-06   1.1625764e-05   1.3712968e-06   5.5468459e-05  -2.1611360e-06   2.2524721e-05  -3.2021614e-06   4.5591838e-06  -2.1611360e-06   6.0936747e-05
   1.4558346e-05   1.8647765e-06   1.8504387e-06   2.9314182e-06   1.9812678e-05   1.8647765e-06   5.9852804e-05  -5.3489914e-06   1.1489376e-05   6.0453226e-07   1.8504387e-06  -5.3489914e-06   2.0193833e-04  -1.8804884e-06   4.7244536e-06   2.9314182e-06   1.1489376e-05  -1.8804884e-06   5.3539133e-05  -3.2699975e-06   1.9812678e-05   6.0453226e-07   4.7244536e-06  -3.2699975e-06   5.4746048e-05
   1.8043406e-05   2.0275047e-06   2.7071031e-06   2.1027093e-06   2.1395968e-05   2.0275047e-06   6.3998629e-05  -2.2786782e-06   1.1574596e-05   2.0224277e-06   2.7071031e-06  -2.2786782e-06   1.9867633e-04  -1.7495819e-06   5.2544987e-06   2.1027093e-06   1.1574596e-05  -1.7495819e-06   5.3216645e-05  -4.8996465e-06   2.1395968e-05   2.0224277e-06   5.2544987e-06  -4.8996465e-06   5.7346228e-05
   1.8154492e-05  -3.6351505e-07   3.5143400e-06   1.8082248e-06   2.1652949e-05  -3.6351505e-07   6.5736201e-05  -1.6039731e-06   1.0302611e-05  -1.2974226e-06   3.5143400e-06  -1.6039731e-06   1.9525762e-04  -1.2849059e-06   5.7714820e-06   1.8082248e-06   1.0302611e-05  -1.2849059e-06   5.8230474e-05  -5.1524348e-06   2.1652949e-05  -1.2974226e-06   5.7714820e-06  -5.1524348e-06   5.7752336e-05
   1.8528983e-05  -3.3136311e-07   3.1560704e-06   1.6177187e-06   2.1339075e-05  -3.3136311e-07   6.5854798e-05  -2.7063989e-09   1.1563971e-05  -8.2413165e-07   3.1560704e-06  -2.7063989e-09   1.9474715e-04   5.1501696e-07   3.7850563e-06   1.6177187e-06   1.1563971e-05   5.1501696e-07   5.8283758e-05  -4.6333547e-06   2.1339075e-05  -8.2413165e-07   3.7850563e-06  -4.6333547e-06   5.5527711e-05
   2.0519090e-05  -1.1316946e-06   3.5886826e-06   3.6655970e-06   1.5472161e-05  -1.1316946e-06   5.9513370e-05  -3.5387672e-06   9.7088400e-06  -3.8002324e-06   3.5886826e-06  -3.5387672e-06   1.6546184e-04  -9.0935508e-07   1.0450196e-05   3.6655970e-06   9.7088400e-06  -9.0935508e-07   5.7038472e-05  -8.4629525e-06   1.5472161e-05  -3.8002324e-06   1.0450196e-05  -8.4629525e-06   6.4683827e-05
   2.1287328e-05   4.1989107e-06   4.2754229e-06   3.4422294e-06   1.4459041e-05   4.1989107e-06   8.4117635e-05   5.5322090e-06   1.5243187e-05   2.4393768e-06   4.2754229e-06   5.5322090e-06   1.7095158e-04   2.5867934e-06   2.2025484e-05   3.4422294e-06   1.5243187e-05   2.5867934e-06   5.7904050e-05  -2.9128779e-06   1.4459041e-05   2.4393768e-06   2.2025484e-05  -2.9128779e-06   6.3912064e-05
   2.3150222e-05   2.7192039e-06   5.9178794e-06   2.7869311e-06   1.5997862e-05   2.7192039e-06   8.2488426e-05   7.3475129e-06   1.2279048e-05   1.7890471e-06   5.9178794e-06   7.3475129e-06   1.9984003e-04   8.9435437e-07   2.7515421e-05   2.7869311e-06   1.2279048e-05   8.9435437e-07   5.5201660e-05  -3.1811472e-06   1.5997862e-05   1.7890471e-06   2.7515421e-05  -3.1811472e-06   6.7228070e-05
   2.3469367e-05   1.4741037e-06   6.7983771e-06   1.4587343e-06   1.5513922e-05   1.4741037e-06   8.1929802e-05   7.9359393e-06   1.4661919e-05  -1.1407703e-07   6.7983771e-06   7.9359393e-06   2.2562250e-04  -5.8472700e-07   3.3778022e-05   1.4587343e-06   1.4661919e-05  -5.8472700e-07   5.9857174e-05  -3.7542127e-06   1.5513922e-05  -1.1407703e-07   3.3778022e-05  -3.7542127e-06   6.7563310e-05
   2.9867307e-05   4.8138952e-06   2.7787694e-06   2.2402813e-06   2.1683021e-05   4.8138952e-06   8.7483707e-05   1.0956536e-06   1.8765532e-05   2.7122376e-06   2.7787694e-06   1.0956536e-06   2.5033209e-04   7.2382825e-06   3.0624279e-05   2.2402813e-06   1.8765532e-05   7.2382825e-06   6.7625297e-05  -5.4543885e-06   2.1683021e-05   2.7122376e-06   3.0624279e-05  -5.4543885e-06   8.2262496e-05
   3.2939697e-05   8.5103567e-06  -8.8999490e-06   3.3682747e-06   2.0381535e-05   8.5103567e-06   9.5515371e-05  -2.2463859e-06   2.3808295e-05   3.7875691e-06  -8.8999490e-06  -2.2463859e-06   2.1647109e-04   8.4068130e-06   2.5780053e-05   3.3682747e-06   2.3808295e-05   8.4068130e-06   7.4021278e-05  -5.1339961e-06   2.0381535e-05   3.7875691e-06   2.5780053e-05  -5.1339961e-06   8.1675523e-05
   3.3119611e-05   1.0476294e-05  -9.3423625e-06   1.9129633e-06   1.5411876e-05   1.0476294e-05   8.1581655e-05   2.4983364e-06   2.1196211e-05   6.0402244e-06  -9.3423625e-06   2.4983364e-06   2.2017048e-04   9.1554942e-06   2.2593200e-05   1.9129633e-06   2.1196211e-05   9.1554942e-06   6.3266732e-05  -6.2520052e-06   1.5411876e-05   6.0402244e-06   2.2593200e-05  -6.2520052e-06   6.8038073e-05
   3.3608380e-05   9.7734998e-06  -6.8150093e-06   1.6912581e-06   1.3071224e-05   9.7734998e-06   9.4195935e-05   3.2004219e-06   2.3079810e-05   7.2831377e-06  -6.8150093e-06   3.2004219e-06   2.2526396e-04   9.5235440e-06   2.0085358e-05   1.6912581e-06   2.3079810e-05   9.5235440e-06   6.3773493e-05  -4.5612367e-06   1.3071224e-05   7.2831377e-06   2.0085358e-05  -4.5612367e-06   7.1246101e-05
   3.2666270e-05   1.0039703e-05  -5.1052439e-06   1.6834161e-06   1.1253780e-05   1.0039703e-05   9.2537631e-05   5.3666163e-06   2.2181231e-05   7.1920853e-06  -5.1052439e-06   5.3666163e-06   2.3581070e-04   9.6316891e-06   2.0766662e-05   1.6834161e-06   2.2181231e-05   9.6316891e-06   6.2840992e-05  -4.0913231e-06   1.1253780e-05   7.1920853e-06   2.0766662e-05  -4.0913231e-06   7.1799902e-05
   3.3176225e-05   1.1045427e-05  -4.4535441e-06   2.1028940e-06   1.1007477e-05   1.1045427e-05   9.5652190e-05   4.8339876e-06   2.1177003e-05   7.7730085e-06  -4.4535441e-06   4.8339876e-06   2.3444931e-04   1.3353717e-05   2.3494443e-05   2.1028940e-06   2.1177003e-05   1.3353717e-05   6.3652891e-05  -2.9702635e-06   1.1007477e-05   7.7730085e-06   2.3494443e-05  -2.9702635e-06   7.3720576e-05
   3.3356574e-05   9.5578879e-06  -4.4738506e-06   2.1897303e-06   1.0193878e-05   9.5578879e-06   1.0303303e-04   8.5854430e-06   2.1927562e-05   3.0542769e-06  -4.4738506e-06   8.5854430e-06   2.3554669e-04   1.5891981e-05   2.5097695e-05   2.1897303e-06   2.1927562e-05   1.5891981e-05   6.3752773e-05  -1.8170146e-06   1.0193878e-05   3.0542769e-06   2.5097695e-05  -1.8170146e-06   7.6867334e-05
   3.1277407e-05   1.0049683e-05  -3.3530354e-06   2.0237802e-06   8.6843000e-06   1.0049683e-05   1.0435361e-04   1.0845790e-05   2.2513357e-05   2.1196312e-06  -3.3530354e-06   1.0845790e-05   2.4509333e-04   1.8367416e-05   2.3371200e-05   2.0237802e-06   2.2513357e-05   1.8367416e-05   6.2007939e-05  -8.3889662e-08   8.6843000e-06   2.1196312e-06   2.3371200e-05  -8.3889662e-08   7.4474882e-05
   3.2403387e-05   1.0087037e-05  -3.2366206e-06   3.0064514e-06   9.3869024e-06   1.0087037e-05   1.0265071e-04   1.1879935e-05   2.5972674e-05   1.2463238e-06  -3.2366206e-06   1.1879935e-05   2.7277707e-04   2.0417558e-05   2.0708405e-05   3.0064514e-06   2.5972674e-05   2.0417558e-05   6.6810873e-05  -2.4014393e-06   9.3869024e-06   1.2463238e-06   2.0708405e-05  -2.4014393e-06   7.3938877e-05
   3.2718792e-05   1.1426347e-05  -7.8245090e-06   2.5576537e-06   9.4613681e-06   1.1426347e-05   9.8962738e-05   7.3127230e-06   2.5838332e-05   3.9237204e-06  -7.8245090e-06   7.3127230e-06   3.6060774e-04   2.4320860e-05   1.0704233e-05   2.5576537e-06   2.5838332e-05   2.4320860e-05   6.3679814e-05  -3.4650235e-06   9.4613681e-06   3.9237204e-06   1.0704233e-05  -3.4650235e-06   7.3718896e-05
   3.2488508e-05   1.2213892e-05  -8.7784901e-06   2.1111672e-06   1.3604812e-05   1.2213892e-05   1.0414364e-04   5.4732595e-06   2.9678179e-05   2.8349094e-06  -8.7784901e-06   5.4732595e-06   3.8500415e-04   2.2196808e-05   1.1053539e-05   2.1111672e-06   2.9678179e-05   2.2196808e-05   6.4878507e-05  -1.9020957e-06   1.3604812e-05   2.8349094e-06   1.1053539e-05  -1.9020957e-06   7.8830306e-05
   3.2352878e-05   4.3881373e-06  -4.8551317e-06   4.5576306e-06   1.9314735e-05   4.3881373e-06   9.4118082e-05  -2.6945410e-06   2.7393025e-05  -9.0257704e-06  -4.8551317e-06  -2.6945410e-06   3.9402877e-04   4.1560147e-05   1.0607445e-05   4.5576306e-06   2.7393025e-05   4.1560147e-05   9.3853981e-05   3.0915046e-06   1.9314735e-05  -9.0257704e-06   1.0607445e-05   3.0915046e-06   6.7479731e-05
   3.3324993e-05   5.9336772e-06  -2.8213314e-06   4.3589177e-06   2.0614620e-05   5.9336772e-06   1.0243291e-04  -1.3330288e-05   2.9836422e-05  -7.6101942e-06  -2.8213314e-06  -1.3330288e-05   3.8765627e-04   4.6333342e-05   7.8180284e-06   4.3589177e-06   2.9836422e-05   4.6333342e-05   9.4009172e-05   2.9554253e-06   2.0614620e-05  -7.6101942e-06   7.8180284e-06   2.9554253e-06   6.5992906e-05
   3.1067612e-05   6.3186873e-06  -5.3130941e-06   4.5735175e-06   1.9224155e-05   6.3186873e-06   1.0872022e-04  -1.3909440e-05   2.8220468e-05  -7.2699553e-06  -5.3130941e-06  -1.3909440e-05   3.8792764e-04   4.9006009e-05   3.0088822e-06   4.5735175e-06   2.8220468e-05   4.9006009e-05   9.0703288e-05   5.2529389e-06   1.9224155e-05  -7.2699553e-06   3.0088822e-06   5.2529389e-06   6.5275342e-05
   3.0436176e-05   5.6711920e-06  -2.3443471e-06   9.7351730e-06   1.3942008e-05   5.6711920e-06   1.0613075e-04  -1.0249497e-05   2.7583482e-05  -5.1381110e-06  -2.3443471e-06  -1.0249497e-05   3.4048316e-04   3.9846089e-05   8.8150174e-06   9.7351730e-06   2.7583482e-05   3.9846089e-05   8.6907302e-05   1.4166200e-05   1.3942008e-05  -5.1381110e-06   8.8150174e-06   1.4166200e-05   5.4684722e-05
   2.6922804e-05   1.9018713e-06  -2.6234114e-06   4.2435912e-06   1.3041675e-05   1.9018713e-06   9.3555510e-05  -3.5317253e-06   1.7915359e-05  -9.5223325e-06  -2.6234114e-06  -3.5317253e-06   3.4442713e-04   4.3693160e-05   8.9321330e-06   4.2435912e-06   1.7915359e-05   4.3693160e-05   7.5091309e-05   1.3319283e-05   1.3041675e-05  -9.5223325e-06   8.9321330e-06   1.3319283e-05   5.0734145e-05
   2.1643880e-05  -1.1913203e-06  -3.2483131e-07   5.8823320e-06   1.2459127e-05  -1.1913203e-06   8.7025574e-05  -5.7148581e-06   1.7240023e-05  -6.8256929e-06  -3.2483131e-07  -5.7148581e-06   3.6075224e-04   3.3482892e-05   9.0145915e-06   5.8823320e-06   1.7240023e-05   3.3482892e-05   7.3058197e-05   1.1687600e-05   1.2459127e-05  -6.8256929e-06   9.0145915e-06   1.1687600e-05   4.8094733e-05
   2.2662696e-05  -2.2627412e-06   3.0645199e-06   5.9193079e-06   1.5753913e-05  -2.2627412e-06   7.5443836e-05  -1.1747632e-05   1.7918700e-05  -6.7801954e-06   3.0645199e-06  -1.1747632e-05   3.7749526e-04   2.7577152e-05   8.5708125e-06   5.9193079e-06   1.7918700e-05   2.7577152e-05   7.6090642e-05   1.2210464e-05   1.5753913e-05  -6.7801954e-06   8.5708125e-06   1.2210464e-05   4.8040999e-05
   2.2494924e-05  -2.5230138e-06  -1.0422427e-06   5.1206947e-06   1.7769824e-05  -2.5230138e-06   7.9445067e-05  -8.2702186e-06   1.8909229e-05  -9.6454676e-06  -1.0422427e-06  -8.2702186e-06   3.6965279e-04   3.5121467e-05   6.8561365e-06   5.1206947e-06   1.8909229e-05   3.5121467e-05   7.9855060e-05   1.1724161e-05   1.7769824e-05  -9.6454676e-06   6.8561365e-06   1.1724161e-05   4.7663165e-05
   2.3442412e-05  -7.6185895e-07  -1.4851693e-06   4.1321493e-06   1.9700488e-05  -7.6185895e-07   8.0766171e-05  -6.8431947e-06   2.0202418e-05  -7.6799374e-06  -1.4851693e-06  -6.8431947e-06   4.0677840e-04   4.0541222e-05   1.2293640e-05   4.1321493e-06   2.0202418e-05   4.0541222e-05   8.3483653e-05   9.9689920e-06   1.9700488e-05  -7.6799374e-06   1.2293640e-05   9.9689920e-06   4.8337903e-05
   2.3132587e-05  -6.9160494e-07  -4.7404496e-07   5.1340724e-06   2.0399441e-05  -6.9160494e-07   7.7969958e-05  -4.1029572e-07   2.0060083e-05  -3.7097852e-06  -4.7404496e-07  -4.1029572e-07   4.2993836e-04   3.6253821e-05   1.3726920e-05   5.1340724e-06   2.0060083e-05   3.6253821e-05   8.6413159e-05   9.8584537e-06   2.0399441e-05  -3.7097852e-06   1.3726920e-05   9.8584537e-06   4.5144166e-05
   2.2166948e-05  -7.1567815e-07   4.5210130e-07   5.6288188e-06   1.9889003e-05  -7.1567815e-07   7.6986473e-05   1.5742526e-06   1.6967005e-05  -3.1169715e-06   4.5210130e-07   1.5742526e-06   4.2533500e-04   3.8310271e-05   1.6382276e-05   5.6288188e-06   1.6967005e-05   3.8310271e-05   9.1760263e-05   8.4501212e-06   1.9889003e-05  -3.1169715e-06   1.6382276e-05   8.4501212e-06   4.7326680e-05
   2.1102045e-05   2.7351721e-08  -8.5600047e-06   6.7244187e-06   1.9505956e-05   2.7351721e-08   7.5570000e-05  -1.9671682e-06   1.5762980e-05  -2.3261581e-06  -8.5600047e-06  -1.9671682e-06   4.9203388e-04   2.2833082e-05   1.0256274e-05   6.7244187e-06   1.5762980e-05   2.2833082e-05   9.0641101e-05   1.2723377e-05   1.9505956e-05  -2.3261581e-06   1.0256274e-05   1.2723377e-05   4.7678822e-05
   2.1389792e-05   3.5591614e-07  -1.0890916e-05   8.9033909e-06   1.8980275e-05   3.5591614e-07   7.4628226e-05   2.9645948e-06   1.6364683e-05  -2.9730627e-06  -1.0890916e-05   2.9645948e-06   4.5442916e-04   2.1464511e-05   1.5855027e-05   8.9033909e-06   1.6364683e-05   2.1464511e-05   9.4555578e-05   1.4056687e-05   1.8980275e-05  -2.9730627e-06   1.5855027e-05   1.4056687e-05   4.7203638e-05
   2.0591222e-05   3.1630861e-07  -9.2778909e-06   8.0718609e-06   1.7914231e-05   3.1630861e-07   7.2121797e-05   1.7857576e-06   1.8149931e-05  -6.9488022e-07  -9.2778909e-06   1.7857576e-06   4.6201518e-04   2.5888878e-05   1.2399208e-05   8.0718609e-06   1.8149931e-05   2.5888878e-05   9.9571528e-05   1.4667975e-05   1.7914231e-05  -6.9488022e-07   1.2399208e-05   1.4667975e-05   4.8541814e-05
   1.6974977e-05   3.4158849e-06  -9.5759673e-06   2.6025143e-06   1.1752033e-05   3.4158849e-06   5.9989030e-05   2.2387938e-06   1.6049684e-05   3.3632928e-06  -9.5759673e-06   2.2387938e-06   4.5328334e-04   1.4570919e-05   6.7706276e-06   2.6025143e-06   1.6049684e-05   1.4570919e-05   7.5416796e-05   5.2805736e-06   1.1752033e-05   3.3632928e-06   6.7706276e-06   5.2805736e-06   3.7328848e-05
   1.6772603e-05   1.9507670e-06  -1.0279158e-05   2.9000594e-06   1.0537192e-05   1.9507670e-06   5.5906515e-05   1.0545164e-05   1.2022767e-05   3.3750448e-06  -1.0279158e-05   1.0545164e-05   4.3803435e-04   7.7068993e-06   4.4928898e-06   2.9000594e-06   1.2022767e-05   7.7068993e-06   8.4144568e-05   7.2563544e-06   1.0537192e-05   3.3750448e-06   4.4928898e-06   7.2563544e-06   4.1535540e-05
   1.9721692e-05   2.8314520e-06  -1.2778957e-05  -1.3588874e-06   9.8236502e-06   2.8314520e-06   4.8473796e-05   1.3645449e-05   1.0815108e-05   3.6476035e-06  -1.2778957e-05   1.3645449e-05   4.3050792e-04   1.3920487e-05  -3.1346728e-06  -1.3588874e-06   1.0815108e-05   1.3920487e-05   1.1656497e-04   5.4197775e-06   9.8236502e-06   3.6476035e-06  -3.1346728e-06   5.4197775e-06   4.0935363e-05
   1.9550396e-05   4.8310149e-06  -1.1236550e-05  -5.6404421e-06   9.5566493e-06   4.8310149e-06   5.3993727e-05   1.3598806e-05   1.6256380e-05   3.0011390e-06  -1.1236550e-05   1.3598806e-05   4.2897586e-04   1.8528757e-05  -4.9080924e-06  -5.6404421e-06   1.6256380e-05   1.8528757e-05   1.3814451e-04   7.9677828e-07   9.5566493e-06   3.0011390e-06  -4.9080924e-06   7.9677828e-07   4.2567216e-05
   2.0037720e-05   5.3496724e-06  -9.6116621e-06  -5.1255708e-06   1.1447479e-05   5.3496724e-06   5.4980942e-05   1.2837341e-05   1.8012044e-05   4.5749423e-06  -9.6116621e-06   1.2837341e-05   4.2205576e-04   2.0837053e-05  -6.8169978e-06  -5.1255708e-06   1.8012044e-05   2.0837053e-05   1.4200976e-04  -1.2972413e-07   1.1447479e-05   4.5749423e-06  -6.8169978e-06  -1.2972413e-07   4.6214282e-05
   2.2827662e-05   7.0752639e-06  -1.1159852e-05  -2.1159449e-06   1.2719337e-05   7.0752639e-06   5.6172247e-05   9.7879624e-06   2.2167999e-05   5.8547988e-06  -1.1159852e-05   9.7879624e-06   3.8746237e-04   2.2606828e-05  -1.0446172e-05  -2.1159449e-06   2.2167999e-05   2.2606828e-05   1.4741277e-04   2.4689316e-06   1.2719337e-05   5.8547988e-06  -1.0446172e-05   2.4689316e-06   4.7706227e-05
   2.5147402e-05   8.2899572e-06  -9.3902321e-06  -1.4720296e-06   1.2267463e-05   8.2899572e-06   5.4072660e-05   1.7121126e-05   2.0603081e-05   5.1473616e-06  -9.3902321e-06   1.7121126e-05   3.9548786e-04   2.6757667e-05  -1.0377758e-05  -1.4720296e-06   2.0603081e-05   2.6757667e-05   1.4768166e-04   2.3987863e-06   1.2267463e-05   5.1473616e-06  -1.0377758e-05   2.3987863e-06   4.7085040e-05
   2.5405969e-05   6.2003781e-06  -9.9378297e-06  -2.6605724e-06   1.0213250e-05   6.2003781e-06   5.0570119e-05   1.3717668e-05   1.8413759e-05   4.7996120e-06  -9.9378297e-06   1.3717668e-05   3.9163847e-04   2.2896320e-05  -1.2100887e-05  -2.6605724e-06   1.8413759e-05   2.2896320e-05   1.4414975e-04   1.7024038e-06   1.0213250e-05   4.7996120e-06  -1.2100887e-05   1.7024038e-06   4.5913306e-05
   2.5007393e-05   5.5337586e-06  -5.9739496e-06  -1.4907614e-06   8.4523814e-06   5.5337586e-06   4.8062173e-05   3.4572497e-06   1.7038847e-05   2.3000510e-06  -5.9739496e-06   3.4572497e-06   3.4003113e-04   1.2878646e-05  -1.4145868e-05  -1.4907614e-06   1.7038847e-05   1.2878646e-05   1.4068976e-04   3.6300874e-06   8.4523814e-06   2.3000510e-06  -1.4145868e-05   3.6300874e-06   4.2628342e-05
   2.4794663e-05   5.8968357e-06  -7.7445968e-06  -4.0921063e-07   7.5180613e-06   5.8968357e-06   4.5930017e-05   1.5387326e-06   1.7000309e-05   3.1299202e-06  -7.7445968e-06   1.5387326e-06   3.2634114e-04   1.9570460e-05  -1.6159484e-05  -4.0921063e-07   1.7000309e-05   1.9570460e-05   1.4136901e-04   4.3041933e-06   7.5180613e-06   3.1299202e-06  -1.6159484e-05   4.3041933e-06   4.1862217e-05
   2.5293993e-05   3.9499343e-06  -8.5171131e-06  -3.4885924e-06   7.1697286e-06   3.9499343e-06   4.4183615e-05  -4.6388722e-06   1.8359199e-05   1.9801598e-06  -8.5171131e-06  -4.6388722e-06   3.1039311e-04   1.6000275e-05  -1.6169989e-05  -3.4885924e-06   1.8359199e-05   1.6000275e-05   1.3415141e-04   3.7412517e-06   7.1697286e-06   1.9801598e-06  -1.6169989e-05   3.7412517e-06   4.0967162e-05
   2.5076152e-05   4.4196706e-06  -3.3768324e-06  -4.4880617e-06   5.5603840e-06   4.4196706e-06   4.4481583e-05  -2.9591181e-06   1.7202353e-05   1.1589832e-06  -3.3768324e-06  -2.9591181e-06   2.3294585e-04   2.4533969e-05  -8.6994085e-06  -4.4880617e-06   1.7202353e-05   2.4533969e-05   1.3062009e-04   2.4646000e-06   5.5603840e-06   1.1589832e-06  -8.6994085e-06   2.4646000e-06   3.8188152e-05
   2.5099101e-05   3.6203909e-06   2.4363483e-06  -6.1310137e-06   5.5759177e-06   3.6203909e-06   4.4256967e-05   3.3859025e-06   1.5752659e-05   1.1404634e-06   2.4363483e-06   3.3859025e-06   1.9882548e-04   3.5484604e-05  -7.3458016e-06  -6.1310137e-06   1.5752659e-05   3.5484604e-05   1.2739756e-04   3.5162543e-07   5.5759177e-06   1.1404634e-06  -7.3458016e-06   3.5162543e-07   3.7575200e-05
   2.4920498e-05   2.5102969e-06   1.3427110e-06  -6.1534041e-06   5.1751894e-06   2.5102969e-06   4.6640715e-05   1.9167034e-06   1.3753463e-05   4.2178853e-08   1.3427110e-06   1.9167034e-06   1.5082447e-04   1.6791302e-05  -4.6384545e-06  -6.1534041e-06   1.3753463e-05   1.6791302e-05   1.2027909e-04  -1.5402690e-06   5.1751894e-06   4.2178853e-08  -4.6384545e-06  -1.5402690e-06   3.5195648e-05
   2.4441427e-05   2.4556027e-06   6.3411984e-07  -5.2136044e-06   4.6847933e-06   2.4556027e-06   4.3211601e-05   2.9411259e-06   1.1172329e-05   6.1109427e-07   6.3411984e-07   2.9411259e-06   1.3928841e-04   9.1441892e-06  -3.8201514e-06  -5.2136044e-06   1.1172329e-05   9.1441892e-06   1.1510967e-04  -2.7996123e-07   4.6847933e-06   6.1109427e-07  -3.8201514e-06  -2.7996123e-07   3.4302021e-05
   2.6072269e-05   2.5379242e-06   1.8435329e-06  -4.5789223e-06   5.7733025e-06   2.5379242e-06   4.4153592e-05   3.1512424e-06   1.0672576e-05   6.3019876e-07   1.8435329e-06   3.1512424e-06   1.2702803e-04   8.6644799e-06  -4.6968513e-06  -4.5789223e-06   1.0672576e-05   8.6644799e-06   1.1078391e-04   2.2041245e-06   5.7733025e-06   6.3019876e-07  -4.6968513e-06   2.2041245e-06   3.0813347e-05
   2.5621870e-05   1.1689892e-06   9.7146294e-07  -1.0734984e-06   5.5839677e-06   1.1689892e-06   4.2073405e-05  -4.3039186e-06   1.8118858e-05   2.6263585e-06   9.7146294e-07  -4.3039186e-06   1.4441989e-04   2.1572266e-06  -8.3161323e-07  -1.0734984e-06   1.8118858e-05   2.1572266e-06   7.9359144e-05  -1.7584823e-06   5.5839677e-06   2.6263585e-06  -8.3161323e-07  -1.7584823e-06   3.8741267e-05
   2.1441492e-05  -2.0949453e-06  -7.7002124e-07  -1.7240051e-06   3.6085558e-06  -2.0949453e-06   5.9372537e-05  -7.4425046e-06   2.0169410e-05  -3.2729356e-06  -7.7002124e-07  -7.4425046e-06   1.4585794e-04  -4.8626533e-06   3.9265530e-06  -1.7240051e-06   2.0169410e-05  -4.8626533e-06   7.4739345e-05  -1.1865478e-06   3.6085558e-06  -3.2729356e-06   3.9265530e-06  -1.1865478e-06   3.7544829e-05
   2.1709255e-05  -1.0080784e-06   1.0073291e-06   3.4797211e-06   2.6556678e-06  -1.0080784e-06   5.6678767e-05  -3.8061650e-06   1.7649190e-05  -3.0118428e-06   1.0073291e-06  -3.8061650e-06   1.5614478e-04  -5.6518549e-06   3.9278339e-06   3.4797211e-06   1.7649190e-05  -5.6518549e-06   5.4856919e-05   3.9292524e-06   2.6556678e-06  -3.0118428e-06   3.9278339e-06   3.9292524e-06   3.6073418e-05
   1.9469288e-05  -3.0513197e-06   2.6232336e-06   6.4882024e-07   1.7339161e-06  -3.0513197e-06   5.5205849e-05  -1.4221150e-06   1.5995092e-05  -3.3923102e-06   2.6232336e-06  -1.4221150e-06   1.5582555e-04  -3.8108967e-06   1.1594837e-06   6.4882024e-07   1.5995092e-05  -3.8108967e-06   5.0996874e-05   4.5423239e-06   1.7339161e-06  -3.3923102e-06   1.1594837e-06   4.5423239e-06   3.8719344e-05
   1.7052176e-05  -2.8787092e-06   1.3011815e-06   9.6875360e-07   8.2086768e-07  -2.8787092e-06   5.8550516e-05  -5.6492923e-06   1.7911088e-05  -3.3404944e-06   1.3011815e-06  -5.6492923e-06   1.5565526e-04  -5.9025740e-06  -4.2271686e-07   9.6875360e-07   1.7911088e-05  -5.9025740e-06   5.2258583e-05   3.4538385e-06   8.2086768e-07  -3.3404944e-06  -4.2271686e-07   3.4538385e-06   3.7410816e-05
